Analyzing Face 2 FULL Distortion (Source 4096x2048, Face Size=1024)
S (Rad)    | Lat (deg)  | dLat/dS    | dLon/dS    | AR (Lon/Lat)    | Physical Radius (km)
----------------------------------------------------------------------------------------------------
0.50       | 90.00      | 1.7010     | 3072.0000  | 1806.0341       | 0.00                
0.55       | 86.00      | 1.8612     | 4071.7117  | 2187.6401       | 121.46              
0.60       | 81.66      | 1.9966     | 4084.4037  | 2045.6525       | 253.10              
0.65       | 77.05      | 2.0977     | 4088.6048  | 1949.1313       | 392.91              
0.70       | 72.26      | 2.1567     | 4090.6846  | 1896.7690       | 538.26              
0.75       | 67.38      | 2.1696     | 4091.9177  | 1886.0367       | 686.15              
0.80       | 62.53      | 2.1371     | 4092.7289  | 1915.1259       | 833.40              
0.85       | 57.79      | 2.0643     | 4093.3001  | 1982.9472       | 977.08              
0.90       | 53.25      | 1.9597     | 4093.7219  | 2088.9803       | 1114.69             
0.95       | 48.98      | 1.8333     | 4094.0449  | 2233.1403       | 1244.39             
1.00       | 45.00      | 1.6949     | 4094.2990  | 2415.6743       | 1365.02             
